service_id,monday,tuesday,wednesday,thursday,friday,saturday,sunday,start_date,end_date
112763067270,1,1,1,1,1,1,1,20261102,20270927
312762707270,1,1,1,1,1,1,1,20260927,20270927
112770737270,1,1,1,1,1,1,1,20270314,20270927
212762707071,1,1,1,1,1,1,1,20260927,20270312
100170727072,0,0,0,0,0,1,0,20270313,20270313
206262706303,1,1,1,1,1,0,0,20260927,20261030
206562706305,0,0,0,0,0,1,1,20260927,20261101
212762706305,1,1,1,1,1,1,1,20260927,20261101
112763047270,1,1,1,1,1,1,1,20261031,20270927
112770017270,1,1,1,1,1,1,1,20270101,20270927
106563326333,0,0,0,0,0,1,1,20261128,20261129
212762706288,1,1,1,1,1,1,1,20260927,20261015
112762896298,1,1,1,1,1,1,1,20261016,20261025
112762996329,1,1,1,1,1,1,1,20261026,20261125
100463306330,0,0,0,1,0,0,0,20261126,20261126
112763316352,1,1,1,1,1,1,1,20261127,20261218
112763536365,1,1,1,1,1,1,1,20261219,20261231
112770017071,1,1,1,1,1,1,1,20270101,20270312
206562706298,0,0,0,0,0,1,1,20260927,20261025
212762706287,1,1,1,1,1,1,1,20260927,20261014
112762996352,1,1,1,1,1,1,1,20261026,20261218
106270047270,1,1,1,1,1,0,0,20270104,20270927
206262706282,1,1,1,1,1,0,0,20260927,20261009
106263206329,1,1,1,1,1,0,0,20261116,20261125
106263316358,1,1,1,1,1,0,0,20261127,20261224
106063626365,1,1,1,1,0,0,0,20261228,20261231
100163326332,0,0,0,0,0,1,0,20261128,20261128
206462706277,0,0,0,0,0,0,1,20260927,20261004
306462707270,0,0,0,0,0,0,1,20260927,20270927
112763347270,1,1,1,1,1,1,1,20261130,20270927
206262706329,1,1,1,1,1,0,0,20260927,20261125
212762706328,1,1,1,1,1,1,1,20260927,20261124
107263296333,0,0,1,0,0,0,1,20261125,20261129
100763306332,0,0,0,1,1,1,0,20261126,20261128
106262856289,1,1,1,1,1,0,0,20261012,20261016
106262926296,1,1,1,1,1,0,0,20261019,20261023
106263006317,1,1,1,1,1,0,0,20261027,20261113
103262996299,1,0,0,0,0,0,0,20261026,20261026
106262856299,1,1,1,1,1,0,0,20261012,20261026
106263016317,1,1,1,1,1,0,0,20261028,20261113
102463286329,0,1,1,0,0,0,0,20261124,20261125
106463267270,0,0,0,0,0,0,1,20261122,20270927
106463547270,0,0,0,0,0,0,1,20261220,20270927
106263316352,1,1,1,1,1,0,0,20261127,20261218
106063556365,1,1,1,1,0,0,0,20261221,20261231
106463266347,0,0,0,0,0,0,1,20261122,20261213
112762727270,1,1,1,1,1,1,1,20260929,20270927
212762706282,1,1,1,1,1,1,1,20260927,20261009
106562836284,0,0,0,0,0,1,1,20261010,20261011
106562906298,0,0,0,0,0,1,1,20261017,20261025
106563046319,0,0,0,0,0,1,1,20261031,20261115
112763206352,1,1,1,1,1,1,1,20261116,20261218
100163396346,0,0,0,0,0,1,0,20261205,20261212
100263597001,0,0,0,0,1,0,0,20261225,20270101
212762706304,1,1,1,1,1,1,1,20260927,20261031
112763057072,1,1,1,1,1,1,1,20261101,20270313
100163537270,0,0,0,0,0,1,0,20261219,20270927
112762906298,1,1,1,1,1,1,1,20261017,20261025
106262856317,1,1,1,1,1,0,0,20261012,20261113
106263346358,1,1,1,1,1,0,0,20261130,20261224
209762706271,1,0,0,0,0,1,1,20260927,20260928
112763537270,1,1,1,1,1,1,1,20261219,20270927
206562706277,0,0,0,0,0,1,1,20260927,20261004
106563256347,0,0,0,0,0,1,1,20261121,20261213
200162706276,0,0,0,0,0,1,0,20260927,20261003
100563256330,0,0,0,1,0,1,0,20261121,20261126
100163397270,0,0,0,0,0,1,0,20261205,20270927
106563537270,0,0,0,0,0,1,1,20261219,20270927
300162707270,0,0,0,0,0,1,0,20260927,20270927
306562707270,0,0,0,0,0,1,1,20260927,20270927
306262707270,1,1,1,1,1,0,0,20260927,20270927
112762847270,1,1,1,1,1,1,1,20261011,20270927
100162836283,0,0,0,0,0,1,0,20261010,20261010
300262707270,0,0,0,0,1,0,0,20260927,20270927
106263066329,1,1,1,1,1,0,0,20261102,20261125
100663306331,0,0,0,1,1,0,0,20261126,20261127
200162706283,0,0,0,0,0,1,0,20260927,20261010
106462846284,0,0,0,0,0,0,1,20261011,20261011
106563257270,0,0,0,0,0,1,1,20261121,20270927
100162766276,0,0,0,0,0,1,0,20261003,20261003
106462776277,0,0,0,0,0,0,1,20261004,20261004
106563046305,0,0,0,0,0,1,1,20261031,20261101
106563116319,0,0,0,0,0,1,1,20261107,20261115
100163256346,0,0,0,0,0,1,0,20261121,20261212
100162906297,0,0,0,0,0,1,0,20261017,20261024
106462916298,0,0,0,0,0,0,1,20261018,20261025
100163046304,0,0,0,0,0,1,0,20261031,20261031
106463056305,0,0,0,0,0,0,1,20261101,20261101
100163116318,0,0,0,0,0,1,0,20261107,20261114
106463126319,0,0,0,0,0,0,1,20261108,20261115
106562766277,0,0,0,0,0,1,1,20261003,20261004
106562836305,0,0,0,0,0,1,1,20261010,20261101
100163257270,0,0,0,0,0,1,0,20261121,20270927
100163046318,0,0,0,0,0,1,0,20261031,20261114
106463056319,0,0,0,0,0,0,1,20261101,20261115
106462846298,0,0,0,0,0,0,1,20261011,20261025
106563057270,0,0,0,0,0,1,1,20261101,20270927
106263067270,1,1,1,1,1,0,0,20261102,20270927
212762706280,1,1,1,1,1,1,1,20260927,20261007
112762817071,1,1,1,1,1,1,1,20261008,20270312
212762706272,1,1,1,1,1,1,1,20260927,20260929
112762736279,1,1,1,1,1,1,1,20260930,20261006
112762807071,1,1,1,1,1,1,1,20261007,20270312
106563607270,0,0,0,0,0,1,1,20261226,20270927
112762827270,1,1,1,1,1,1,1,20261009,20270927
106262716282,1,1,1,1,1,0,0,20260928,20261009
106462846319,0,0,0,0,0,0,1,20261011,20261115
206762706277,0,0,0,0,1,1,1,20260927,20261004
206062706281,1,1,1,1,0,0,0,20260927,20261008
206562706304,0,0,0,0,0,1,1,20260927,20261031
206262706300,1,1,1,1,1,0,0,20260927,20261027
101263016302,0,0,1,1,0,0,0,20261028,20261029
101463016303,0,0,1,1,1,0,0,20261028,20261030
100263036303,0,0,0,0,1,0,0,20261030,20261030
106462776284,0,0,0,0,0,0,1,20261004,20261011
100162976297,0,0,0,0,0,1,0,20261024,20261024
106563126318,0,0,0,0,0,1,1,20261108,20261114
106463196319,0,0,0,0,0,0,1,20261115,20261115
106563256353,0,0,0,0,0,1,1,20261121,20261219
112762757270,1,1,1,1,1,1,1,20261002,20270927
106262856303,1,1,1,1,1,0,0,20261012,20261030
106062856288,1,1,1,1,0,0,0,20261012,20261015
100262896289,0,0,0,0,1,0,0,20261016,20261016
106262926299,1,1,1,1,1,0,0,20261019,20261026
103063006303,0,1,1,1,1,0,0,20261027,20261030
106263066317,1,1,1,1,1,0,0,20261102,20261113
107163097122,0,0,0,1,1,1,1,20261105,20270502
109963107123,1,0,0,0,1,1,1,20261106,20270503
212762706332,1,1,1,1,1,1,1,20260927,20261128
106463336333,0,0,0,0,0,0,1,20261129,20261129
112762826289,1,1,1,1,1,1,1,20261009,20261016
107470737270,0,0,1,0,1,0,1,20270314,20270927
206262706289,1,1,1,1,1,0,0,20260927,20261016
103262926292,1,0,0,0,0,0,0,20261019,20261019
106262936329,1,1,1,1,1,0,0,20261020,20261125
207462706303,0,0,1,0,1,0,1,20260927,20261030
107463057071,0,0,1,0,1,0,1,20261101,20270312
105462956300,1,1,0,1,1,0,0,20261022,20261027
104263036308,1,0,1,0,1,0,0,20261030,20261104
105263166321,1,1,0,1,0,0,0,20261112,20261117
100863296336,0,0,1,0,0,0,0,20261125,20261202
106263486352,1,1,1,1,1,0,0,20261214,20261218
100863576364,0,0,1,0,0,0,0,20261223,20261230
101670057005,0,1,0,0,0,0,0,20270105,20270105
106070117014,1,1,1,1,0,0,0,20270111,20270114
101270207021,0,0,1,1,0,0,0,20270120,20270121
105870257029,1,1,1,0,1,0,0,20270125,20270129
102470407041,0,1,1,0,0,0,0,20270209,20270210
100270577057,0,0,0,0,1,0,0,20270226,20270226
103870677071,1,0,0,1,1,0,0,20270308,20270312
105270747077,1,1,0,1,0,0,0,20270315,20270318
102870827089,0,1,1,1,0,0,0,20270323,20270330
100270927092,0,0,0,0,1,0,0,20270402,20270402
106562907270,0,0,0,0,0,1,1,20261017,20270927
112762736304,1,1,1,1,1,1,1,20260930,20261031
206562707002,0,0,0,0,0,1,1,20260927,20270102
106470037003,0,0,0,0,0,0,1,20270103,20270103
112762737270,1,1,1,1,1,1,1,20260930,20270927
106570097270,0,0,0,0,0,1,1,20270109,20270927
101562736276,0,0,1,1,1,1,0,20260930,20261003
212762706276,1,1,1,1,1,1,1,20260927,20261003
105862856289,1,1,1,0,1,0,0,20261012,20261016
100462886288,0,0,0,1,0,0,0,20261015,20261015
106262926317,1,1,1,1,1,0,0,20261019,20261113
112762787270,1,1,1,1,1,1,1,20261005,20270927
112762996319,1,1,1,1,1,1,1,20261026,20261115
212762706289,1,1,1,1,1,1,1,20260927,20261016
106562906291,0,0,0,0,0,1,1,20261017,20261018
112762927270,1,1,1,1,1,1,1,20261019,20270927
106262927270,1,1,1,1,1,0,0,20261019,20270927
106562977270,0,0,0,0,0,1,1,20261024,20270927
105263286334,1,1,0,1,0,0,0,20261124,20261130
106263376343,1,1,1,1,1,0,0,20261203,20261209
100263456345,0,0,0,0,1,0,0,20261211,20261211
105463556359,1,1,0,1,1,0,0,20261221,20261225
105463637004,1,1,0,1,1,0,0,20261229,20270104
101470067008,0,0,1,1,1,0,0,20270106,20270108
105070157022,1,1,0,0,1,0,0,20270115,20270122
103670287032,1,0,0,1,0,0,0,20270128,20270201
104670347039,1,0,1,1,1,0,0,20270203,20270208
100470427042,0,0,0,1,0,0,0,20270211,20270211
106270467055,1,1,1,1,1,0,0,20270215,20270224
101470627064,0,0,1,1,1,0,0,20270303,20270305
102470687069,0,1,1,0,0,0,0,20270309,20270310
104270767081,1,0,1,0,1,0,0,20270317,20270322
104670857091,1,0,1,1,1,0,0,20270326,20270401
106270957099,1,1,1,1,1,0,0,20270405,20270409
206562706291,0,0,0,0,0,1,1,20260927,20261018
206562706284,0,0,0,0,0,1,1,20260927,20261011
212762706281,1,1,1,1,1,1,1,20260927,20261008
100362826283,0,0,0,0,1,1,0,20261009,20261010
112762856327,1,1,1,1,1,1,1,20261012,20261123
108863286333,0,1,1,0,0,0,1,20261124,20261129
112762857270,1,1,1,1,1,1,1,20261012,20270927
100263176324,0,0,0,0,1,0,0,20261113,20261120
100363527270,0,0,0,0,1,1,0,20261218,20270927
106063066309,1,1,1,1,0,0,0,20261102,20261105
100263106310,0,0,0,0,1,0,0,20261106,20261106
106263136317,1,1,1,1,1,0,0,20261109,20261113
105662856287,1,1,1,0,0,0,0,20261012,20261014
106263006309,1,1,1,1,1,0,0,20261027,20261105
106262856309,1,1,1,1,1,0,0,20261012,20261105
106562906305,0,0,0,0,0,1,1,20261017,20261101
106563116312,0,0,0,0,0,1,1,20261107,20261108
106563186319,0,0,0,0,0,1,1,20261114,20261115
212662706288,1,1,1,1,1,0,1,20260927,20261015
112662896298,1,1,1,1,1,0,1,20261016,20261025
112662996309,1,1,1,1,1,0,1,20261026,20261105
100163116311,0,0,0,0,0,1,0,20261107,20261107
112663126330,1,1,1,1,1,0,1,20261108,20261126
100163186318,0,0,0,0,0,1,0,20261114,20261114
100163256360,0,0,0,0,0,1,0,20261121,20261226
100263316331,0,0,0,0,1,0,0,20261127,20261127
112663336365,1,1,1,1,1,0,1,20261129,20261231
100170027065,0,0,0,0,0,1,0,20270102,20270306
112470037270,1,1,1,1,0,0,1,20270103,20270927
100370787270,0,0,0,0,1,1,0,20270319,20270927
100162766325,0,0,0,0,0,1,0,20261003,20261121
106271037270,1,1,1,1,1,0,0,20270413,20270927
112762847071,1,1,1,1,1,1,1,20261011,20270312
112762857071,1,1,1,1,1,1,1,20261012,20270312
212762706274,1,1,1,1,1,1,1,20260927,20261001
112462776281,1,1,1,1,0,0,1,20261004,20261008
100262826282,0,0,0,0,1,0,0,20261009,20261009
100362756282,0,0,0,0,1,1,0,20261002,20261009
208162706276,0,1,0,0,0,1,1,20260927,20261003
100462746274,0,0,0,1,0,0,0,20261001,20261001
102662756282,0,1,1,0,1,0,0,20261002,20261009
108062866291,0,1,0,0,0,0,1,20261013,20261018
100562886290,0,0,0,1,0,1,0,20261015,20261017
106462986298,0,0,0,0,0,0,1,20261025,20261025
102863016307,0,1,1,1,0,0,0,20261028,20261103
101763116314,0,1,0,0,0,1,0,20261107,20261110
104463226327,1,0,1,1,0,0,0,20261118,20261123
101863316335,0,1,0,0,1,0,0,20261127,20261201
100463446344,0,0,0,1,0,0,0,20261210,20261210
106463546354,0,0,0,0,0,0,1,20261220,20261220
103263626362,1,0,0,0,0,0,0,20261228,20261228
101670337033,0,1,0,0,0,0,0,20270202,20270202
100270437043,0,0,0,0,1,0,0,20270212,20270212
105270567061,1,1,0,1,0,0,0,20270225,20270302
103271027102,1,0,0,0,0,0,0,20270412,20270412
103262716271,1,0,0,0,0,0,0,20260928,20260928
104062736278,1,0,1,0,0,0,0,20260930,20261005
104462816287,1,0,1,1,0,0,0,20261008,20261014
105662926294,1,1,1,0,0,0,0,20261019,20261021
104663096315,1,0,1,1,1,0,0,20261105,20261111
100362906297,0,0,0,0,1,1,0,20261017,20261024
100363036304,0,0,0,0,1,1,0,20261030,20261031
100363106318,0,0,0,0,1,1,0,20261106,20261114
100363246346,0,0,0,0,1,1,0,20261120,20261212
100863296329,0,0,1,0,0,0,0,20261125,20261125
100463586365,0,0,0,1,0,0,0,20261224,20261231
106563187270,0,0,0,0,0,1,1,20261114,20270927
100162836304,0,0,0,0,0,1,0,20261010,20261031
106462846305,0,0,0,0,0,0,1,20261011,20261101
112770977270,1,1,1,1,1,1,1,20270407,20270927
212762706279,1,1,1,1,1,1,1,20260927,20261006
112762807070,1,1,1,1,1,1,1,20261007,20270311
100270717071,0,0,0,0,1,0,0,20270312,20270312
112770737096,1,1,1,1,1,1,1,20270314,20270406
206262706275,1,1,1,1,1,0,0,20260927,20261002
200162706325,0,0,0,0,0,1,0,20260927,20261121
100563306332,0,0,0,1,0,1,0,20261126,20261128
106562846305,0,0,0,0,0,1,1,20261011,20261101
106562836319,0,0,0,0,0,1,1,20261010,20261115
112670017270,1,1,1,1,1,0,1,20270101,20270927
100170797270,0,0,0,0,0,1,0,20270320,20270927
112762896297,1,1,1,1,1,1,1,20261016,20261024
112762987070,1,1,1,1,1,1,1,20261025,20270311
106262896296,1,1,1,1,1,0,0,20261016,20261023
106262996317,1,1,1,1,1,0,0,20261026,20261113
106262787270,1,1,1,1,1,0,0,20261005,20270927
112762997270,1,1,1,1,1,1,1,20261026,20270927
107463017270,0,0,1,0,1,0,1,20261028,20270927
112763007270,1,1,1,1,1,1,1,20261027,20270927
106463337270,0,0,0,0,0,0,1,20261129,20270927
106563327270,0,0,0,0,0,1,1,20261128,20270927
100163327270,0,0,0,0,0,1,0,20261128,20270927
106463266326,0,0,0,0,0,0,1,20261122,20261122
106563256326,0,0,0,0,0,1,1,20261121,20261122
207462706289,0,0,1,0,1,0,1,20260927,20261016
112763207270,1,1,1,1,1,1,1,20261116,20270927
106263316357,1,1,1,1,1,0,0,20261127,20261223
105663626364,1,1,1,0,0,0,0,20261228,20261230
112763057270,1,1,1,1,1,1,1,20261101,20270927
112762916298,1,1,1,1,1,1,1,20261018,20261025
112762906297,1,1,1,1,1,1,1,20261017,20261024
112762816303,1,1,1,1,1,1,1,20261008,20261030
112763047070,1,1,1,1,1,1,1,20261031,20270311
106262926329,1,1,1,1,1,0,0,20261019,20261125
107463547270,0,0,1,0,1,0,1,20261220,20270927
212762706303,1,1,1,1,1,1,1,20260927,20261030
112763047072,1,1,1,1,1,1,1,20261031,20270313
208462706302,0,1,0,1,0,0,1,20260927,20261029
108463057073,0,1,0,1,0,0,1,20261101,20270314
203762706304,1,0,0,1,0,1,0,20260927,20261031
103763067072,1,0,0,1,0,1,0,20261102,20270313
112763057073,1,1,1,1,1,1,1,20261101,20270314
106263207270,1,1,1,1,1,0,0,20261116,20270927
206262706288,1,1,1,1,1,0,0,20260927,20261015
106262716296,1,1,1,1,1,0,0,20260928,20261023
106262996303,1,1,1,1,1,0,0,20261026,20261030
106563046312,0,0,0,0,0,1,1,20261031,20261108
106563047270,0,0,0,0,0,1,1,20261031,20270927
106263017270,1,1,1,1,1,0,0,20261028,20270927
212762706296,1,1,1,1,1,1,1,20260927,20261023
112762986365,1,1,1,1,1,1,1,20261025,20261231
100270017001,0,0,0,0,1,0,0,20270101,20270101
112762986327,1,1,1,1,1,1,1,20261025,20261123
112763346365,1,1,1,1,1,1,1,20261130,20261231
106262997270,1,1,1,1,1,0,0,20261026,20270927
112762716296,1,1,1,1,1,1,1,20260928,20261023
112770027270,1,1,1,1,1,1,1,20270102,20270927
204162706301,1,0,1,0,0,1,0,20260927,20261028
104163047069,1,0,1,0,0,1,0,20261031,20270310
208262706300,0,1,0,0,1,0,1,20260927,20261027
108263037068,0,1,0,0,1,0,1,20261030,20270309
112770757270,1,1,1,1,1,1,1,20270316,20270927
108470757270,0,1,0,1,0,0,1,20270316,20270927
103770747270,1,0,0,1,0,1,0,20270315,20270927
112770747270,1,1,1,1,1,1,1,20270315,20270927
104170727270,1,0,1,0,0,1,0,20270313,20270927
108270717270,0,1,0,0,1,0,1,20270312,20270927
112763067074,1,1,1,1,1,1,1,20261102,20270315
106271677270,1,1,1,1,1,0,0,20270616,20270927
107462916298,0,0,1,0,1,0,1,20261018,20261025
107463016352,0,0,1,0,1,0,1,20261028,20261218
106270047165,1,1,1,1,1,0,0,20270104,20270614
101671667166,0,1,0,0,0,0,0,20270615,20270615
106263206324,1,1,1,1,1,0,0,20261116,20261120
105663276329,1,1,1,0,0,0,0,20261123,20261125
106063347270,1,1,1,1,0,0,0,20261130,20270927
100270087270,0,0,0,0,1,0,0,20270108,20270927
106262856323,1,1,1,1,1,0,0,20261012,20261119
104863276328,1,1,0,0,0,0,0,20261123,20261124
200262706282,0,0,0,0,1,0,0,20260927,20261009
100263246324,0,0,0,0,1,0,0,20261120,20261120
100263316352,0,0,0,0,1,0,0,20261127,20261218
206262706285,1,1,1,1,1,0,0,20260927,20261012
106262866317,1,1,1,1,1,0,0,20261013,20261113
102170757270,0,1,0,1,0,1,0,20270316,20270927
107070017270,0,0,0,1,1,0,1,20270101,20270927
105770027270,1,1,1,0,0,1,0,20270102,20270927
112762716282,1,1,1,1,1,1,1,20260928,20261009
112562836288,1,1,1,1,0,1,1,20261010,20261015
112762906299,1,1,1,1,1,1,1,20261017,20261026
112763006309,1,1,1,1,1,1,1,20261027,20261105
106763106312,0,0,0,0,1,1,1,20261106,20261108
112763136319,1,1,1,1,1,1,1,20261109,20261115
112363246334,1,1,1,0,1,1,1,20261120,20261130
112363256333,1,1,1,0,1,1,1,20261121,20261129
112763256334,1,1,1,1,1,1,1,20261121,20261130
106562767270,0,0,0,0,0,1,1,20261003,20270927
108963286333,0,1,1,0,0,1,1,20261124,20261129
100363246325,0,0,0,0,1,1,0,20261120,20261121
200362706282,0,0,0,0,1,1,0,20260927,20261009
212462706288,1,1,1,1,0,0,1,20260927,20261015
100362896297,0,0,0,0,1,1,0,20261016,20261024
112462916298,1,1,1,1,0,0,1,20261018,20261025
112462996328,1,1,1,1,0,0,1,20261026,20261124
100363106311,0,0,0,0,1,1,0,20261106,20261107
100363176360,0,0,0,0,1,1,0,20261113,20261226
112463306357,1,1,1,1,0,0,1,20261126,20261223
112063616364,1,1,1,0,0,0,1,20261227,20261230
100370017071,0,0,0,0,1,1,0,20270101,20270312
106462846291,0,0,0,0,0,0,1,20261011,20261018
106462986305,0,0,0,0,0,0,1,20261025,20261101
100162836318,0,0,0,0,0,1,0,20261010,20261114
100163256325,0,0,0,0,0,1,0,20261121,20261121
112462716281,1,1,1,1,0,0,1,20260928,20261008
112062846287,1,1,1,0,0,0,1,20261011,20261014
112462916299,1,1,1,1,0,0,1,20261018,20261026
112463006309,1,1,1,1,0,0,1,20261027,20261105
112463126319,1,1,1,1,0,0,1,20261108,20261115
112463206328,1,1,1,1,0,0,1,20261116,20261124
100163187270,0,0,0,0,0,1,0,20261114,20270927
206262706271,1,1,1,1,1,0,0,20260927,20260928
106262736282,1,1,1,1,1,0,0,20260930,20261009
212762706331,1,1,1,1,1,1,1,20260927,20261127
112763246333,1,1,1,1,1,1,1,20261120,20261129
112762717270,1,1,1,1,1,1,1,20260928,20270927
202162706288,0,1,0,1,0,1,0,20260927,20261015
102162906297,0,1,0,1,0,1,0,20261017,20261024
102163006309,0,1,0,1,0,1,0,20261027,20261105
102163146318,0,1,0,1,0,1,0,20261110,20261114
102163217070,0,1,0,1,0,1,0,20261117,20270311
206662706277,0,0,0,0,1,0,1,20260927,20261004
205662706280,1,1,1,0,0,0,0,20260927,20261007
200462706281,0,0,0,1,0,0,0,20260927,20261008
107062826289,0,0,0,1,1,0,1,20261009,20261016
105762836287,1,1,1,0,0,1,0,20261010,20261014
105762906297,1,1,1,0,0,1,0,20261017,20261024
107062916298,0,0,0,1,1,0,1,20261018,20261025
105763006308,1,1,1,0,0,1,0,20261027,20261104
107063026310,0,0,0,1,1,0,1,20261029,20261106
106463126312,0,0,0,0,0,0,1,20261108,20261108
105763136364,1,1,1,0,0,1,0,20261109,20261230
107063166365,0,0,0,1,1,0,1,20261112,20261231
112763136365,1,1,1,1,1,1,1,20261109,20261231
112762836319,1,1,1,1,1,1,1,20261010,20261115
106263627270,1,1,1,1,1,0,0,20261228,20270927
100263037270,0,0,0,0,1,0,0,20261030,20270927
112762977270,1,1,1,1,1,1,1,20261024,20270927
200162706304,0,0,0,0,0,1,0,20260927,20261031
106363066329,1,1,1,1,1,1,0,20261102,20261125
106363316358,1,1,1,1,1,1,0,20261127,20261224
100762886290,0,0,0,1,1,1,0,20261015,20261017
112762916308,1,1,1,1,1,1,1,20261018,20261104
100763096311,0,0,0,1,1,1,0,20261105,20261107
112763127071,1,1,1,1,1,1,1,20261108,20270312
109762906292,1,0,0,0,0,1,1,20261017,20261019
112762936310,1,1,1,1,1,1,1,20261020,20261106
109763116313,1,0,0,0,0,1,1,20261107,20261109
112763147071,1,1,1,1,1,1,1,20261110,20270312
100262756296,0,0,0,0,1,0,0,20261002,20261023
106363607270,1,1,1,1,1,1,0,20261226,20270927
212762706327,1,1,1,1,1,1,1,20260927,20261123
106262996329,1,1,1,1,1,0,0,20261026,20261125
306062707270,1,1,1,1,0,0,0,20260927,20270927
106262717270,1,1,1,1,1,0,0,20260928,20270927
212762706340,1,1,1,1,1,1,1,20260927,20261206
112763417070,1,1,1,1,1,1,1,20261207,20270311
106470737073,0,0,0,0,0,0,1,20270314,20270314
106262726282,1,1,1,1,1,0,0,20260929,20261009
